CURSUS 0011111118,

SEU BNBLNOTHECA UNNN'FNSNLNN, 1111116111,11111110111118,(10111101)1. OECONONNNCA,

NNNNN NS. 111111111111111111111 sNNNNNNNNNNN 111111111111111111,

81111 11Τ1110111111, 811111 GNNcoNuN.

0111 AB m 100100110010 1111110111 CON 111111 1111 111111 1’1.1’1 11000 111151 0101111011
Ar coNcnu 1101011111 (ANN. 1111111 mlo GNAEcls 0101011011· .·

1111011810 11111111Νο1111111111

01111111 1111111 EASNNNENN: 1101011001011011 N: ,111101111111 NNNNNNNNNNS 11111 00110101111111111
1111111151111 5111111111 NT NNNLNUS.

10101 10101010110001101101111 110111 1001111001 101001111000101011 11101011011100111111. 00000111 01110111-
το1 0110101010 01111110101011101.001111010111110111111000111001011000001111010111111010010110111011
01011100 0010111011101111 0011101110011011001 1011101111 ,1000101 00101001 1111110111 01110111,
10101ς 11001101 0110001111010 1111101011,11100101111000001, 1111 10000101 11100101110111101
1011000010001. nomm 01010011111011 110011 011001 111101000011011,10010100 1100111 11101·-
111011 0101111011 1111οι011 1001010111 0110110001το0100011001110011 1111011111 1101101011·
111115110001100 00010001 1011 001010. 0011 1000010101. 111001 111101001001010101
01011010 0110100101 000111111110111 0011010001, 1110110101ου
01011111 00 11101101 1000010101 11010110110000001 11000 00 0001111, 110010011οι1,000101000111111·
111111, 1111111001οι1,1111101011, ANNNONNCNN, 11000110001111010113001000110000101001, 11011111, 11111-
0101·1,01101101·11. 0000111100, 1111000101·11.1000,1οτ1 1111 1110 0111 1110000101·ος ,100 0111110111
010001 1101011100 01001111 00 0111011001, 110010 10111100 11111111, 000 10100100, 00100010
,101 10101 01110 111010, 01111, 100011 001111 011110011010011001,110, 0100110011 0111110,
110100111000110111 001ιο10110. 0101100100101111011100, 110000 scNu’N'uNAE
1101110, Nx 000 1100001 0010111110 011 0011101 0011111 011101 0011 001001
0001011 1001011 100ιο 10101101· 1110010101 1101101011 1011010111 1011001, 1
011110 00101001 0100110101111111011 1000111010, 0011010101 1110.

101010 11001το1011,0100111001 0110001 010111 1100010001. 01 0110100111011 0011101011011 10001111,
001000. 00111111, 1100001111111001, 011000010000100010111, 00011011 1000000011 0011 1111111111
1101 ,11101011 0011111 1010111011 01000111 00111100111010011 1100000100010011 0000011100111011111111
110011. 011011 1110111011,01111οτ11101111101 1011110010 011, 1111000101 11 01111010100101,
NNNNNNNNNNN 00101110101011 000100101011000 1110101101 010 11110, 1011000011,

0111011 1001111 111 1101101 0011000101, 01 0011οι10010 111110 011101
1101111. 10001. 1011010 1010111001 000001111101, 0010011001011.

81111Εὸ LATNNN PRIOR

11101111 NNONNNNN 11111118.1111111011Εὸ81111111111118011111111111118111 LNNlN'N
A 1110111100,10111011111011 111.

1111111111ΝΤ111υ -1, 1111111111,

mmmm 01001 111111οη10.
1110 00110011 000011101011 111 51000105 3011110110 110113115110111111100 10110110..

0101111.0011,10 NNNNNN 10110100011010. NN 00110111010111011011111 111101 1111111, 111100100-1101111.
110111. 1111 0111101 1110101. 00010 01101111 111001 1101101-0011001 000001111110100111101 Non 111
sm. 10111 0010 00010001 1101011 ,10101110 0011000-110111-1110011 0011111 0111010 10111. 111101
0001101 10111010 110111110101010. 01101 01110011 1010011 011 0011 11101010110101 1101111111 110111·
101100, 0010101011 01101001 10111011 0111011110 sNNN. NNNNNNNNs; 00111010010101111101011101111
τ11το11010000 1010000 11011 0011000, 00 0000010101 1-01011111100111101. 010100111001111001111
011 01001111118110011110 mmmm uNuNQuNmouN 10101111 00000-110110110100. 010110000000110011
11111011 0011001 0111011 1010101000 01110001 01110οι000 11110 10 101οτ11 00105 1111116111 FAMA* ΙΙ·
1001 1011110101111111001111.00001001111110 110111131111010111011 000 11001010 mmo-NB 01111
1110101011 100000. 110100000011011111,001011110 ,1100110 mur: 10000 0111 10101001 1010111111 11011·-
00011111 100101 000100100111011111110110111 1000101111 10111101 11 0010 01110 11000111 1011011101
(0110100101 0010011011111.011011011 Nx 011100 111111 1·,1·11·111 001 0000001 10111101 0110 ,101011 111,
0110 111 01111011000111οι0.10111010111010111111000 0111101 01,ιο 1010010100111 1001011101.

PATROLOGIAE m IN AE 1011101011

*a

1 BNERABNLNS 1111111
001101· QNNNTNN.·:

..ι-ψι-

0100011110110001111110001-0.111010, 111110111111,
1,·11111111111111’,11111111811“.0111111111111011Τ.1111,11’1“11Τ1111 1111115111111111111,111111“1·.“,11”1111
1011111110.51011111-11001110000,001011101111111111-,111011111101

1862

 

